Time	Node	SegmentNumber	SegmentRepID	SegmentExperiencedBitrate(bit/s)	BufferLevel(s)	StallingTime(msec)	SegmentDepIds
2.51423	ES-C003	0	1_480	25860586	6	2009	
2.52418	ES-C001	0	1_480	27433190	6	2007	
2.55623	IE-C003	0	1_480	22431558	6	2009	
2.55702	ES-C005	0	1_480	34701812	6	2008	
2.55962	IE-C006	0	1_480	22682190	6	2004	
2.56123	IE-C005	0	1_480	23200640	6	2009	
2.56262	ES-C006	0	1_480	34701812	6	2004	
2.56662	IE-C004	0	1_480	21596340	6	2004	
2.56862	ES-C004	0	1_480	34701812	6	2004	
2.58862	IE-C002	0	1_480	27067414	6	2004	
2.59662	IE-C001	0	3_1080	13288258	4	2004	
2.60362	ES-C002	0	1_480	34407728	6	2004	
4.51423	ES-C003	1	3_1080	27516088	12	0	
4.52418	ES-C001	1	3_1080	27571790	12	0	
4.55623	IE-C003	1	2_720	16766673	12	0	
4.55702	ES-C005	1	3_1080	27516088	12	0	
4.55962	IE-C006	1	2_720	16766673	12	0	
4.56123	IE-C005	1	3_1080	14788777	12	0	
4.56262	ES-C006	1	3_1080	27740252	12	0	
4.56662	IE-C004	1	2_720	15900081	12	0	
4.56862	ES-C004	1	3_1080	28083430	12	0	
4.58862	IE-C002	1	3_1080	14837107	12	0	
4.59662	IE-C001	1	2_720	32456588	12	0	
4.60362	ES-C002	1	3_1080	30402822	12	0	
6.51423	ES-C003	2	3_1080	26971216	18	0	
6.52418	ES-C001	2	3_1080	26971216	18	0	
6.55623	IE-C003	2	3_1080	19237944	18	0	
6.55702	ES-C005	2	3_1080	26971216	18	0	
6.55962	IE-C006	2	3_1080	19237944	18	0	
6.56123	IE-C005	2	3_1080	33881752	18	0	
6.56262	ES-C006	2	3_1080	26971216	18	0	
6.56662	IE-C004	2	3_1080	19854904	18	0	
6.56862	ES-C004	2	3_1080	26971216	18	0	
6.58862	IE-C002	2	3_1080	33220644	18	0	
6.59662	IE-C001	2	3_1080	34924268	18	0	
6.60362	ES-C002	2	3_1080	26971216	18	0	
8.51423	ES-C003	3	3_1080	27240928	24	0	
8.52418	ES-C001	3	3_1080	27295520	24	0	
8.55623	IE-C003	3	3_1080	26917914	24	0	
8.55702	ES-C005	3	3_1080	27240928	24	0	
8.55962	IE-C006	3	3_1080	26864820	24	0	
8.56123	IE-C005	3	3_1080	34746080	24	0	
8.56262	ES-C006	3	3_1080	27295520	24	0	
8.56662	IE-C004	3	3_1080	27796866	24	0	
8.56862	ES-C004	3	3_1080	27295520	24	0	
8.58862	IE-C002	3	3_1080	34834948	24	0	
8.59662	IE-C001	3	3_1080	35286176	24	0	
8.60362	ES-C002	3	3_1080	27240928	24	0	
10.5142	ES-C003	4	3_1080	27240928	28	0	
10.5242	ES-C001	4	3_1080	27240928	28	0	
10.5562	IE-C003	4	3_1080	27186554	28	0	
10.557	ES-C005	4	3_1080	27240928	28	0	
10.5596	IE-C006	4	3_1080	27132398	28	0	
10.5612	IE-C005	4	3_1080	32048150	28	0	
10.5626	ES-C006	4	3_1080	27240928	28	0	
10.5666	IE-C004	4	3_1080	27240928	28	0	
10.5686	ES-C004	4	3_1080	27240928	28	0	
10.5886	IE-C002	4	3_1080	32048150	28	0	
10.5966	IE-C001	4	3_1080	35286176	28	0	
10.6036	ES-C002	4	3_1080	27240928	28	0	
12.5142	ES-C003	5	3_1080	27295520	28	0	
12.5242	ES-C001	5	3_1080	27295520	28	0	
12.5562	IE-C003	5	3_1080	27186554	28	0	
12.557	ES-C005	5	3_1080	27295520	28	0	
12.5596	IE-C006	5	3_1080	27186554	28	0	
12.5612	IE-C005	5	3_1080	27132398	28	0	
12.5626	ES-C006	5	3_1080	27295520	28	0	
12.5666	IE-C004	5	3_1080	27132398	28	0	
12.5686	ES-C004	5	3_1080	27295520	28	0	
12.5886	IE-C002	5	3_1080	27132398	28	0	
12.5966	IE-C001	5	3_1080	35194996	28	0	
12.6036	ES-C002	5	3_1080	27295520	28	0	
14.5142	ES-C003	6	3_1080	26864820	28	0	
14.5242	ES-C001	6	3_1080	26864820	28	0	
14.5562	IE-C003	6	3_1080	27240928	28	0	
14.557	ES-C005	6	3_1080	26917914	28	0	
14.5596	IE-C006	6	3_1080	27240928	28	0	
14.5612	IE-C005	6	3_1080	27186554	28	0	
14.5626	ES-C006	6	3_1080	26864820	28	0	
14.5666	IE-C004	6	3_1080	27240928	28	0	
14.5686	ES-C004	6	3_1080	26864820	28	0	
14.5886	IE-C002	6	3_1080	27186554	28	0	
14.5966	IE-C001	6	3_1080	27460612	28	0	
14.6036	ES-C002	6	3_1080	26864820	28	0	
16.5142	ES-C003	7	3_1080	27571790	28	0	
16.5242	ES-C001	7	3_1080	27571790	28	0	
16.5562	IE-C003	7	3_1080	27627716	28	0	
16.557	ES-C005	7	3_1080	27571790	28	0	
16.5596	IE-C006	7	3_1080	27627716	28	0	
16.5612	IE-C005	7	3_1080	27683870	28	0	
16.5626	ES-C006	7	3_1080	27460612	28	0	
16.5666	IE-C004	7	3_1080	27683870	28	0	
16.5686	ES-C004	7	3_1080	27627716	28	0	
16.5886	IE-C002	7	3_1080	27627716	28	0	
16.5966	IE-C001	7	3_1080	27627716	28	0	
16.6036	ES-C002	7	3_1080	27571790	28	0	
18.5142	ES-C003	8	3_1080	26971216	28	0	
18.5242	ES-C001	8	3_1080	26971216	28	0	
18.5562	IE-C003	8	3_1080	26706792	28	0	
18.557	ES-C005	8	3_1080	26971216	28	0	
18.5596	IE-C006	8	3_1080	26706792	28	0	
18.5612	IE-C005	8	3_1080	26706792	28	0	
18.5626	ES-C006	8	3_1080	26971216	28	0	
18.5666	IE-C004	8	3_1080	26654528	28	0	
18.5686	ES-C004	8	3_1080	26971216	28	0	
18.5886	IE-C002	8	3_1080	26706792	28	0	
18.5966	IE-C001	8	3_1080	26706792	28	0	
18.6036	ES-C002	8	3_1080	26971216	28	0	
20.5142	ES-C003	9	3_1080	27078458	28	0	
20.5242	ES-C001	9	3_1080	27132398	28	0	
20.5562	IE-C003	9	3_1080	27460612	28	0	
20.557	ES-C005	9	3_1080	27078458	28	0	
20.5596	IE-C006	9	3_1080	27460612	28	0	
20.5612	IE-C005	9	3_1080	27516088	28	0	
20.5626	ES-C006	9	3_1080	27078458	28	0	
20.5666	IE-C004	9	3_1080	27516088	28	0	
20.5686	ES-C004	9	3_1080	27132398	28	0	
20.5886	IE-C002	9	3_1080	27460612	28	0	
20.5966	IE-C001	9	3_1080	27516088	28	0	
20.6036	ES-C002	9	3_1080	27078458	28	0	
22.5142	ES-C003	10	3_1080	27853710	28	0	
22.5242	ES-C001	10	3_1080	27740252	28	0	
22.5562	IE-C003	10	3_1080	27627716	28	0	
22.557	ES-C005	10	3_1080	27796866	28	0	
22.5596	IE-C006	10	3_1080	27627716	28	0	
22.5612	IE-C005	10	3_1080	27627716	28	0	
22.5626	ES-C006	10	3_1080	27796866	28	0	
22.5666	IE-C004	10	3_1080	27627716	28	0	
22.5686	ES-C004	10	3_1080	27740252	28	0	
22.5886	IE-C002	10	3_1080	27683870	28	0	
22.5966	IE-C001	10	3_1080	27627716	28	0	
22.6036	ES-C002	10	3_1080	27853710	28	0	
24.5142	ES-C003	11	3_1080	27240928	28	0	
24.5242	ES-C001	11	3_1080	27350330	28	0	
24.5562	IE-C003	11	3_1080	27627716	28	0	
24.557	ES-C005	11	3_1080	27295520	28	0	
24.5596	IE-C006	11	3_1080	27627716	28	0	
24.5612	IE-C005	11	3_1080	27627716	28	0	
24.5626	ES-C006	11	3_1080	27350330	28	0	
24.5666	IE-C004	11	3_1080	27627716	28	0	
24.5686	ES-C004	11	3_1080	27295520	28	0	
24.5886	IE-C002	11	3_1080	27627716	28	0	
24.5966	IE-C001	11	3_1080	27627716	28	0	
24.6036	ES-C002	11	3_1080	27295520	28	0	
26.5142	ES-C003	12	3_1080	27186554	28	0	
26.5242	ES-C001	12	3_1080	27186554	28	0	
26.5562	IE-C003	12	3_1080	26864820	28	0	
26.557	ES-C005	12	3_1080	27132398	28	0	
26.5596	IE-C006	12	3_1080	26864820	28	0	
26.5612	IE-C005	12	3_1080	26864820	28	0	
26.5626	ES-C006	12	3_1080	27186554	28	0	
26.5666	IE-C004	12	3_1080	26864820	28	0	
26.5686	ES-C004	12	3_1080	27186554	28	0	
26.5886	IE-C002	12	3_1080	26864820	28	0	
26.5966	IE-C001	12	3_1080	26864820	28	0	
26.6036	ES-C002	12	3_1080	27186554	28	0	
28.5142	ES-C003	13	3_1080	27240928	28	0	
28.5242	ES-C001	13	3_1080	27240928	28	0	
28.5562	IE-C003	13	3_1080	27078458	28	0	
28.557	ES-C005	13	3_1080	27186554	28	0	
28.5596	IE-C006	13	3_1080	27078458	28	0	
28.5612	IE-C005	13	3_1080	27132398	28	0	
28.5626	ES-C006	13	3_1080	27240928	28	0	
28.5666	IE-C004	13	3_1080	27186554	28	0	
28.5686	ES-C004	13	3_1080	27240928	28	0	
28.5886	IE-C002	13	3_1080	27186554	28	0	
28.5966	IE-C001	13	3_1080	27132398	28	0	
28.6036	ES-C002	13	3_1080	27240928	28	0	
30.5142	ES-C003	14	3_1080	27350330	28	0	
30.5242	ES-C001	14	3_1080	27295520	28	0	
30.5562	IE-C003	14	3_1080	26971216	28	0	
30.557	ES-C005	14	3_1080	27295520	28	0	
30.5596	IE-C006	14	3_1080	26971216	28	0	
30.5612	IE-C005	14	3_1080	26917914	28	0	
30.5626	ES-C006	14	3_1080	27350330	28	0	
30.5666	IE-C004	14	3_1080	26971216	28	0	
30.5686	ES-C004	14	3_1080	27295520	28	0	
30.5886	IE-C002	14	3_1080	26971216	28	0	
30.5966	IE-C001	14	3_1080	27024730	28	0	
30.6036	ES-C002	14	3_1080	27295520	28	0	
32.5142	ES-C003	15	3_1080	27571790	28	0	
32.5242	ES-C001	15	3_1080	27571790	28	0	
32.5562	IE-C003	15	3_1080	27350330	28	0	
32.557	ES-C005	15	3_1080	27627716	28	0	
32.5596	IE-C006	15	3_1080	27405360	28	0	
32.5612	IE-C005	15	3_1080	27516088	28	0	
32.5626	ES-C006	15	3_1080	27571790	28	0	
32.5666	IE-C004	15	3_1080	27350330	28	0	
32.5686	ES-C004	15	3_1080	27627716	28	0	
32.5886	IE-C002	15	3_1080	27405360	28	0	
32.5966	IE-C001	15	3_1080	27350330	28	0	
32.6036	ES-C002	15	3_1080	27683870	28	0	
34.5142	ES-C003	16	3_1080	27186554	26	0	
34.5242	ES-C001	16	3_1080	27240928	26	0	
34.5562	IE-C003	16	3_1080	27350330	26	0	
34.557	ES-C005	16	3_1080	27240928	26	0	
34.5596	IE-C006	16	3_1080	27405360	26	0	
34.5612	IE-C005	16	3_1080	27350330	26	0	
34.5626	ES-C006	16	3_1080	27240928	26	0	
34.5666	IE-C004	16	3_1080	27295520	26	0	
34.5686	ES-C004	16	3_1080	27240928	26	0	
34.5886	IE-C002	16	3_1080	27350330	26	0	
34.5966	IE-C001	16	3_1080	27350330	26	0	
34.6036	ES-C002	16	3_1080	27132398	26	0	
36.5142	ES-C003	17	3_1080	27078458	24	0	
36.5242	ES-C001	17	3_1080	27078458	24	0	
36.5562	IE-C003	17	3_1080	27350330	24	0	
36.557	ES-C005	17	3_1080	27078458	24	0	
36.5596	IE-C006	17	3_1080	27350330	24	0	
36.5612	IE-C005	17	3_1080	27350330	24	0	
36.5626	ES-C006	17	3_1080	27078458	24	0	
36.5666	IE-C004	17	3_1080	27350330	24	0	
36.5686	ES-C004	17	3_1080	27078458	24	0	
36.5886	IE-C002	17	3_1080	27350330	24	0	
36.5966	IE-C001	17	3_1080	27295520	24	0	
36.6036	ES-C002	17	3_1080	27186554	24	0	
38.5142	ES-C003	18	3_1080	27295520	22	0	
38.5242	ES-C001	18	3_1080	27240928	22	0	
38.5562	IE-C003	18	3_1080	27405360	22	0	
38.557	ES-C005	18	3_1080	27295520	22	0	
38.5596	IE-C006	18	3_1080	27405360	22	0	
38.5612	IE-C005	18	3_1080	27405360	22	0	
38.5626	ES-C006	18	3_1080	27295520	22	0	
38.5666	IE-C004	18	3_1080	27405360	22	0	
38.5686	ES-C004	18	3_1080	27295520	22	0	
38.5886	IE-C002	18	3_1080	27405360	22	0	
38.5966	IE-C001	18	3_1080	27405360	22	0	
38.6036	ES-C002	18	3_1080	27295520	22	0	
40.5142	ES-C003	19	3_1080	27295520	20	0	
40.5242	ES-C001	19	3_1080	27240928	20	0	
40.5562	IE-C003	19	3_1080	27516088	20	0	
40.557	ES-C005	19	3_1080	27240928	20	0	
40.5596	IE-C006	19	3_1080	27516088	20	0	
40.5612	IE-C005	19	3_1080	27516088	20	0	
40.5626	ES-C006	19	3_1080	27295520	20	0	
40.5666	IE-C004	19	3_1080	27516088	20	0	
40.5686	ES-C004	19	3_1080	27240928	20	0	
40.5886	IE-C002	19	3_1080	27516088	20	0	
40.5966	IE-C001	19	3_1080	27516088	20	0	
40.6036	ES-C002	19	3_1080	27186554	20	0	
42.5142	ES-C003	20	3_1080	27024730	18	0	
42.5242	ES-C001	20	3_1080	27078458	18	0	
42.5562	IE-C003	20	3_1080	27910786	18	0	
42.557	ES-C005	20	3_1080	27132398	18	0	
42.5596	IE-C006	20	3_1080	27853710	18	0	
42.5612	IE-C005	20	3_1080	27910786	18	0	
42.5626	ES-C006	20	3_1080	27024730	18	0	
42.5666	IE-C004	20	3_1080	27910786	18	0	
42.5686	ES-C004	20	3_1080	27132398	18	0	
42.5886	IE-C002	20	3_1080	27853710	18	0	
42.5966	IE-C001	20	3_1080	27910786	18	0	
42.6036	ES-C002	20	3_1080	27132398	18	0	
44.5142	ES-C003	21	3_1080	27295520	16	0	
44.5242	ES-C001	21	3_1080	27295520	16	0	
44.5562	IE-C003	21	3_1080	26759262	16	0	
44.557	ES-C005	21	3_1080	27295520	16	0	
44.5596	IE-C006	21	3_1080	26759262	16	0	
44.5612	IE-C005	21	3_1080	26759262	16	0	
44.5626	ES-C006	21	3_1080	27295520	16	0	
44.5666	IE-C004	21	3_1080	26759262	16	0	
44.5686	ES-C004	21	3_1080	27240928	16	0	
44.5886	IE-C002	21	3_1080	26706792	16	0	
44.5966	IE-C001	21	3_1080	26759262	16	0	
44.6036	ES-C002	21	3_1080	27295520	16	0	
46.5142	ES-C003	22	3_1080	27186554	14	0	
46.5242	ES-C001	22	3_1080	27240928	14	0	
46.5562	IE-C003	22	3_1080	27571790	14	0	
46.557	ES-C005	22	3_1080	27350330	14	0	
46.5596	IE-C006	22	3_1080	27571790	14	0	
46.5612	IE-C005	22	3_1080	27627716	14	0	
46.5626	ES-C006	22	3_1080	27186554	14	0	
46.5666	IE-C004	22	3_1080	27627716	14	0	
46.5686	ES-C004	22	3_1080	27186554	14	0	
46.5886	IE-C002	22	3_1080	27571790	14	0	
46.5966	IE-C001	22	3_1080	27627716	14	0	
46.6036	ES-C002	22	3_1080	27295520	14	0	
48.5142	ES-C003	23	3_1080	27405360	12	0	
48.5242	ES-C001	23	3_1080	27460612	12	0	
48.5562	IE-C003	23	3_1080	27024730	12	0	
48.557	ES-C005	23	3_1080	27405360	12	0	
48.5596	IE-C006	23	3_1080	27024730	12	0	
48.5612	IE-C005	23	3_1080	27024730	12	0	
48.5626	ES-C006	23	3_1080	27405360	12	0	
48.5666	IE-C004	23	3_1080	27024730	12	0	
48.5686	ES-C004	23	3_1080	27460612	12	0	
48.5886	IE-C002	23	3_1080	27024730	12	0	
48.5966	IE-C001	23	3_1080	27024730	12	0	
48.6036	ES-C002	23	3_1080	27405360	12	0	
50.5142	ES-C003	24	3_1080	27627716	10	0	
50.5242	ES-C001	24	3_1080	27627716	10	0	
50.5562	IE-C003	24	3_1080	27295520	10	0	
50.557	ES-C005	24	3_1080	27571790	10	0	
50.5596	IE-C006	24	3_1080	27295520	10	0	
50.5612	IE-C005	24	3_1080	27295520	10	0	
50.5626	ES-C006	24	3_1080	27627716	10	0	
50.5666	IE-C004	24	3_1080	27240928	10	0	
50.5686	ES-C004	24	3_1080	27627716	10	0	
50.5886	IE-C002	24	3_1080	27240928	10	0	
50.5966	IE-C001	24	3_1080	27186554	10	0	
50.6036	ES-C002	24	3_1080	27627716	10	0	
52.5142	ES-C003	25	3_1080	27740252	8	0	
52.5242	ES-C001	25	3_1080	27740252	8	0	
52.5562	IE-C003	25	3_1080	26864820	8	0	
52.557	ES-C005	25	3_1080	27796866	8	0	
52.5596	IE-C006	25	3_1080	26917914	8	0	
52.5612	IE-C005	25	3_1080	26971216	8	0	
52.5626	ES-C006	25	3_1080	27740252	8	0	
52.5666	IE-C004	25	3_1080	27024730	8	0	
52.5686	ES-C004	25	3_1080	27740252	8	0	
52.5886	IE-C002	25	3_1080	26971216	8	0	
52.5966	IE-C001	25	3_1080	27024730	8	0	
52.6036	ES-C002	25	3_1080	27796866	8	0	
54.5142	ES-C003	26	3_1080	27516088	6	0	
54.5242	ES-C001	26	3_1080	27405360	6	0	
54.5562	IE-C003	26	3_1080	27186554	6	0	
54.557	ES-C005	26	3_1080	27405360	6	0	
54.5596	IE-C006	26	3_1080	27186554	6	0	
54.5612	IE-C005	26	3_1080	27186554	6	0	
54.5626	ES-C006	26	3_1080	27516088	6	0	
54.5666	IE-C004	26	3_1080	27186554	6	0	
54.5686	ES-C004	26	3_1080	27405360	6	0	
54.5886	IE-C002	26	3_1080	27186554	6	0	
54.5966	IE-C001	26	3_1080	27186554	6	0	
54.6036	ES-C002	26	3_1080	27405360	6	0	
56.5142	ES-C003	27	3_1080	26917914	4	0	
56.5242	ES-C001	27	3_1080	26917914	4	0	
56.5562	IE-C003	27	3_1080	27516088	4	0	
56.557	ES-C005	27	3_1080	26917914	4	0	
56.5596	IE-C006	27	3_1080	27516088	4	0	
56.5612	IE-C005	27	3_1080	27516088	4	0	
56.5626	ES-C006	27	3_1080	26917914	4	0	
56.5666	IE-C004	27	3_1080	27516088	4	0	
56.5686	ES-C004	27	3_1080	26971216	4	0	
56.5886	IE-C002	27	3_1080	27571790	4	0	
56.5966	IE-C001	27	3_1080	27516088	4	0	
56.6036	ES-C002	27	3_1080	26917914	4	0	
58.5142	ES-C003	28	3_1080	27132398	2	0	
58.5242	ES-C001	28	3_1080	27186554	2	0	
58.5562	IE-C003	28	3_1080	27186554	2	0	
58.557	ES-C005	28	3_1080	27186554	2	0	
58.5596	IE-C006	28	3_1080	27186554	2	0	
58.5612	IE-C005	28	3_1080	27186554	2	0	
58.5626	ES-C006	28	3_1080	27186554	2	0	
58.5666	IE-C004	28	3_1080	27186554	2	0	
58.5686	ES-C004	28	3_1080	27186554	2	0	
58.5886	IE-C002	28	3_1080	27186554	2	0	
58.5966	IE-C001	28	3_1080	27186554	2	0	
58.6036	ES-C002	28	3_1080	27186554	2	0	
60.5142	ES-C003	29	3_1080	27024730	0	0	
60.5242	ES-C001	29	3_1080	27024730	0	0	
60.5562	IE-C003	29	3_1080	27240928	0	0	
60.557	ES-C005	29	3_1080	27024730	0	0	
60.5596	IE-C006	29	3_1080	27240928	0	0	
60.5612	IE-C005	29	3_1080	27240928	0	0	
60.5626	ES-C006	29	3_1080	27024730	0	0	
60.5666	IE-C004	29	3_1080	27240928	0	0	
60.5686	ES-C004	29	3_1080	27024730	0	0	
60.5886	IE-C002	29	3_1080	27240928	0	0	
60.5966	IE-C001	29	3_1080	27240928	0	0	
60.6036	ES-C002	29	3_1080	26971216	0	0	
