Time	Node	SegmentNumber	SegmentRepID	SegmentExperiencedBitrate(bit/s)	BufferLevel(s)	StallingTime(msec)	SegmentDepIds
2.52923	ES-C005	0	1_480	16708280	4	2009	
2.54223	IE-C003	0	1_480	17203864	4	2009	
2.54223	IE-C001	0	1_480	17576242	4	2007	
2.55262	IE-C004	0	1_480	18206780	4	2004	
2.55923	ES-C003	0	1_480	19614068	4	2009	
2.55962	ES-C004	0	1_480	18972486	4	2004	
2.56462	ES-C006	0	1_480	19242236	4	2004	
2.57262	ES-C001	0	1_480	18710194	4	2004	
2.57662	IE-C006	0	1_480	17131274	4	2004	
2.57862	ES-C002	0	1_480	15798101	4	2004	
2.57967	IE-C005	0	1_480	14926882	4	2006	
2.58362	IE-C002	0	1_480	14346686	4	2004	
4.52923	ES-C005	1	2_720	11021084	6	0	
4.54223	IE-C003	1	2_720	17299600	6	0	
4.54223	IE-C001	1	2_720	17470460	6	0	
4.55262	IE-C004	1	2_720	17427428	6	0	
4.55923	ES-C003	1	2_720	17822508	8	0	
4.55962	ES-C004	1	2_720	17867516	8	0	
4.56462	ES-C006	1	2_720	18049836	8	0	
4.57262	ES-C001	1	2_720	18189038	8	0	
4.57662	IE-C006	1	2_720	17049484	6	0	
4.57862	ES-C002	1	2_720	9895855	6	0	
4.57967	IE-C005	1	2_720	12369818	4	0	
4.58362	IE-C002	1	2_720	12771726	4	0	
6.52923	ES-C005	2	2_720	9359175	8	0	
6.54223	IE-C003	2	3_1080	16195558	6	0	
6.54223	IE-C001	2	3_1080	15967719	8	0	
6.55262	IE-C004	2	3_1080	16005246	8	0	
6.55923	ES-C003	2	3_1080	17395228	12	0	
6.55962	ES-C004	2	3_1080	17068250	12	0	
6.56462	ES-C006	2	3_1080	17439774	12	0	
6.57262	ES-C001	2	3_1080	17350910	12	0	
6.57662	IE-C006	2	3_1080	15967719	6	0	
6.57862	ES-C002	2	2_720	9177089	8	0	
6.57967	IE-C005	2	3_1080	12161129	6	0	
6.58362	IE-C002	2	3_1080	12107079	6	0	
8.52923	ES-C005	3	2_720	9759360	10	0	
8.54223	IE-C003	3	3_1080	14173220	8	0	
8.54223	IE-C001	3	3_1080	14837107	8	0	
8.55262	IE-C004	3	3_1080	14740762	8	0	
8.55923	ES-C003	3	3_1080	16773970	14	0	
8.55962	ES-C004	3	3_1080	17046888	14	0	
8.56462	ES-C006	3	3_1080	16794654	14	0	
8.57262	ES-C001	3	3_1080	17154236	14	0	
8.57662	IE-C006	3	3_1080	12825296	8	0	
8.57862	ES-C002	3	2_720	9626580	10	0	
8.57967	IE-C005	3	3_1080	11947775	8	0	
8.58362	IE-C002	3	3_1080	11937304	8	0	
10.5292	ES-C005	4	2_720	9273311	12	0	
10.5422	IE-C003	4	3_1080	10365650	8	0	
10.5422	IE-C001	4	3_1080	12518809	10	0	
10.5526	IE-C004	4	3_1080	12518809	10	0	
10.5592	ES-C003	4	3_1080	17306816	18	0	
10.5596	ES-C004	4	3_1080	17175868	18	0	
10.5646	ES-C006	4	3_1080	17439774	18	0	
10.5726	ES-C001	4	3_1080	17175868	18	0	
10.5766	IE-C006	4	3_1080	9715024	8	0	
10.5786	ES-C002	4	2_720	10180627	12	0	
10.5797	IE-C005	4	3_1080	12000409	10	0	
10.5836	IE-C002	4	3_1080	12000409	10	0	
12.5292	ES-C005	5	3_1080	11503770	14	0	
12.5422	IE-C003	5	3_1080	9820089	10	0	
12.5422	IE-C001	5	3_1080	12096327	12	0	
12.5526	IE-C004	5	3_1080	12074879	12	0	
12.5592	ES-C003	5	3_1080	17734980	22	0	
12.5596	ES-C004	5	3_1080	17643088	22	0	
12.5646	ES-C006	5	3_1080	17574792	22	0	
12.5726	ES-C001	5	3_1080	17851198	22	0	
12.5766	IE-C006	5	3_1080	10111703	10	0	
12.5786	ES-C002	5	3_1080	12337377	14	0	
12.5797	IE-C005	5	3_1080	12634939	12	0	
12.5836	IE-C002	5	3_1080	12588229	12	0	
14.5292	ES-C005	6	3_1080	12922641	16	0	
14.5422	IE-C003	6	3_1080	11937304	10	0	
14.5422	IE-C001	6	3_1080	12032212	14	0	
14.5526	IE-C004	6	3_1080	12000409	14	0	
14.5592	ES-C003	6	3_1080	19103036	26	0	
14.5596	ES-C004	6	3_1080	19129866	26	0	
14.5646	ES-C006	6	3_1080	19103036	26	0	
14.5726	ES-C001	6	3_1080	19076280	26	0	
14.5766	IE-C006	6	3_1080	13033937	10	0	
14.5786	ES-C002	6	3_1080	12934914	16	0	
14.5797	IE-C005	6	3_1080	14129112	12	0	
14.5836	IE-C002	6	3_1080	14173220	12	0	
16.5292	ES-C005	7	3_1080	12861628	16	0	
16.5422	IE-C003	7	3_1080	12971870	12	0	
16.5422	IE-C001	7	3_1080	11474696	14	0	
16.5526	IE-C004	7	3_1080	11572187	14	0	
16.5592	ES-C003	7	3_1080	19292442	28	0	
16.5596	ES-C004	7	3_1080	19457806	28	0	
16.5646	ES-C006	7	3_1080	19319808	28	0	
16.5726	ES-C001	7	3_1080	19292442	28	0	
16.5766	IE-C006	7	3_1080	12658424	10	0	
16.5786	ES-C002	7	3_1080	12825296	18	0	
16.5797	IE-C005	7	3_1080	13926855	14	0	
16.5836	IE-C002	7	3_1080	13998421	14	0	
18.5292	ES-C005	8	3_1080	13147166	20	0	
18.5422	IE-C003	8	3_1080	10784215	12	0	
18.5422	IE-C001	8	3_1080	11947775	16	0	
18.5526	IE-C004	8	3_1080	11947775	16	0	
18.5592	ES-C003	8	3_1080	19457806	28	0	
18.5596	ES-C004	8	3_1080	19485642	28	0	
18.5646	ES-C006	8	3_1080	19319808	28	0	
18.5726	ES-C001	8	3_1080	19374770	28	0	
18.5766	IE-C006	8	3_1080	9770778	12	0	
18.5786	ES-C002	8	3_1080	13159869	20	0	
18.5797	IE-C005	8	3_1080	12337377	16	0	
18.5836	IE-C002	8	3_1080	12348562	16	0	
20.5292	ES-C005	9	3_1080	12753243	22	0	
20.5422	IE-C003	9	3_1080	9458656	12	0	
20.5422	IE-C001	9	3_1080	12204717	18	0	
20.5526	IE-C004	9	3_1080	12270688	18	0	
20.5592	ES-C003	9	3_1080	19513558	28	0	
20.5596	ES-C004	9	3_1080	19374770	28	0	
20.5646	ES-C006	9	3_1080	19569632	28	0	
20.5726	ES-C001	9	3_1080	19374770	28	0	
20.5766	IE-C006	9	3_1080	9367582	12	0	
20.5786	ES-C002	9	3_1080	12753243	22	0	
20.5797	IE-C005	9	3_1080	11802828	18	0	
20.5836	IE-C002	9	3_1080	11792610	18	0	
22.5292	ES-C005	10	3_1080	13071463	26	0	
22.5422	IE-C003	10	3_1080	9646221	14	0	
22.5422	IE-C001	10	3_1080	12215663	20	0	
22.5526	IE-C004	10	3_1080	12281753	20	0	
22.5592	ES-C003	10	3_1080	19402370	28	0	
22.5596	ES-C004	10	3_1080	19457806	28	0	
22.5646	ES-C006	10	3_1080	19374770	28	0	
22.5726	ES-C001	10	3_1080	19485642	28	0	
22.5766	IE-C006	10	3_1080	9221709	12	0	
22.5786	ES-C002	10	3_1080	13121834	26	0	
22.5797	IE-C005	10	3_1080	11947775	18	0	
22.5836	IE-C002	10	3_1080	11958265	18	0	
24.5292	ES-C005	11	3_1080	12947209	28	0	
24.5422	IE-C003	11	3_1080	9303596	14	0	
24.5422	IE-C001	11	3_1080	12000409	20	0	
24.5526	IE-C004	11	3_1080	12000409	20	0	
24.5592	ES-C003	11	3_1080	19022994	28	0	
24.5596	ES-C004	11	3_1080	19430048	28	0	
24.5646	ES-C006	11	3_1080	18970006	28	0	
24.5726	ES-C001	11	3_1080	19292442	28	0	
24.5766	IE-C006	11	3_1080	9485003	14	0	
24.5786	ES-C002	11	3_1080	12947209	28	0	
24.5797	IE-C005	11	3_1080	11958265	20	0	
24.5836	IE-C002	11	3_1080	12032212	20	0	
26.5292	ES-C005	12	3_1080	12984236	28	0	
26.5422	IE-C003	12	3_1080	9240478	14	0	
26.5422	IE-C001	12	3_1080	12042851	22	0	
26.5526	IE-C004	12	3_1080	12042851	22	0	
26.5592	ES-C003	12	3_1080	19597790	28	0	
26.5596	ES-C004	12	3_1080	19374770	28	0	
26.5646	ES-C006	12	3_1080	19597790	28	0	
26.5726	ES-C001	12	3_1080	19374770	28	0	
26.5766	IE-C006	12	3_1080	9122883	14	0	
26.5786	ES-C002	12	3_1080	12971870	28	0	
26.5797	IE-C005	12	3_1080	12053508	22	0	
26.5836	IE-C002	12	3_1080	12074879	22	0	
28.5292	ES-C005	13	3_1080	12861628	28	0	
28.5422	IE-C003	13	3_1080	9284570	16	0	
28.5422	IE-C001	13	3_1080	12182884	24	0	
28.5526	IE-C004	13	3_1080	12096327	24	0	
28.5592	ES-C003	13	3_1080	19513558	28	0	
28.5596	ES-C004	13	3_1080	19402370	28	0	
28.5646	ES-C006	13	3_1080	19457806	28	0	
28.5726	ES-C001	13	3_1080	19374770	28	0	
28.5766	IE-C006	13	3_1080	9591876	16	0	
28.5786	ES-C002	13	3_1080	12885964	28	0	
28.5797	IE-C005	13	3_1080	12139451	24	0	
28.5836	IE-C002	13	3_1080	12237614	24	0	
30.5292	ES-C005	14	3_1080	12947209	28	0	
30.5422	IE-C003	14	3_1080	9445537	16	0	
30.5422	IE-C001	14	3_1080	12042851	26	0	
30.5526	IE-C004	14	3_1080	12053508	26	0	
30.5592	ES-C003	14	3_1080	19682752	28	0	
30.5596	ES-C004	14	3_1080	19597790	28	0	
30.5646	ES-C006	14	3_1080	19682752	28	0	
30.5726	ES-C001	14	3_1080	19626028	28	0	
30.5766	IE-C006	14	3_1080	9335479	16	0	
30.5786	ES-C002	14	3_1080	12934914	28	0	
30.5797	IE-C005	14	3_1080	12182884	24	0	
30.5836	IE-C002	14	3_1080	12182884	24	0	
32.5292	ES-C005	15	3_1080	13033937	28	0	
32.5422	IE-C003	15	3_1080	9374029	18	0	
32.5422	IE-C001	15	3_1080	12182884	28	0	
32.5526	IE-C004	15	3_1080	12171996	28	0	
32.5592	ES-C003	15	3_1080	19682752	28	0	
32.5596	ES-C004	15	3_1080	19457806	28	0	
32.5646	ES-C006	15	3_1080	19654350	28	0	
32.5726	ES-C001	15	3_1080	19654350	28	0	
32.5766	IE-C006	15	3_1080	9406398	16	0	
32.5786	ES-C002	15	3_1080	13033937	28	0	
32.5797	IE-C005	15	3_1080	11979300	26	0	
32.5836	IE-C002	15	3_1080	11979300	26	0	
34.5292	ES-C005	16	3_1080	13340317	26	0	
34.5422	IE-C003	16	3_1080	9316323	20	0	
34.5422	IE-C001	16	3_1080	12438780	26	0	
34.5526	IE-C004	16	3_1080	12438780	26	0	
34.5592	ES-C003	16	3_1080	19457806	26	0	
34.5596	ES-C004	16	3_1080	19457806	26	0	
34.5646	ES-C006	16	3_1080	19485642	26	0	
34.5726	ES-C001	16	3_1080	19457806	26	0	
34.5766	IE-C006	16	3_1080	9221709	18	0	
34.5786	ES-C002	16	3_1080	13353396	26	0	
34.5797	IE-C005	16	3_1080	12064184	26	0	
34.5836	IE-C002	16	3_1080	11968773	26	0	
36.5292	ES-C005	17	3_1080	17945276	24	0	
36.5422	IE-C003	17	3_1080	9524800	22	0	
36.5422	IE-C001	17	3_1080	11711491	24	0	
36.5526	IE-C004	17	3_1080	11691385	24	0	
36.5592	ES-C003	17	3_1080	19049600	24	0	
36.5596	ES-C004	17	3_1080	19022994	24	0	
36.5646	ES-C006	17	3_1080	19076280	24	0	
36.5726	ES-C001	17	3_1080	18970006	24	0	
36.5766	IE-C006	17	3_1080	9504860	20	0	
36.5786	ES-C002	17	3_1080	17945276	24	0	
36.5797	IE-C005	17	3_1080	11885222	24	0	
36.5836	IE-C002	17	3_1080	11885222	24	0	
38.5292	ES-C005	18	3_1080	14443758	22	0	
38.5422	IE-C003	18	3_1080	9367582	22	0	
38.5422	IE-C001	18	3_1080	11906000	22	0	
38.5526	IE-C004	18	3_1080	11958265	22	0	
38.5592	ES-C003	18	3_1080	19319808	22	0	
38.5596	ES-C004	18	3_1080	19156770	22	0	
38.5646	ES-C006	18	3_1080	19347250	22	0	
38.5726	ES-C001	18	3_1080	19183752	22	0	
38.5766	IE-C006	18	3_1080	9259323	22	0	
38.5786	ES-C002	18	3_1080	14443758	22	0	
38.5797	IE-C005	18	3_1080	12064184	22	0	
38.5836	IE-C002	18	3_1080	12139451	22	0	
40.5292	ES-C005	19	3_1080	18136436	20	0	
40.5422	IE-C003	19	3_1080	9701185	20	0	
40.5422	IE-C001	19	3_1080	12096327	20	0	
40.5526	IE-C004	19	3_1080	12096327	20	0	
40.5592	ES-C003	19	3_1080	19210810	20	0	
40.5596	ES-C004	19	3_1080	19049600	20	0	
40.5646	ES-C006	19	3_1080	19129866	20	0	
40.5726	ES-C001	19	3_1080	19076280	20	0	
40.5766	IE-C006	19	3_1080	9329085	20	0	
40.5786	ES-C002	19	3_1080	18136436	20	0	
40.5797	IE-C005	19	3_1080	11989845	20	0	
40.5836	IE-C002	19	3_1080	12139451	20	0	
42.5292	ES-C005	20	3_1080	14582938	18	0	
42.5422	IE-C003	20	3_1080	9770778	18	0	
42.5422	IE-C001	20	3_1080	12438780	18	0	
42.5526	IE-C004	20	3_1080	12484385	18	0	
42.5592	ES-C003	20	3_1080	19430048	18	0	
42.5596	ES-C004	20	3_1080	19711236	18	0	
42.5646	ES-C006	20	3_1080	19319808	18	0	
42.5726	ES-C001	20	3_1080	19711236	18	0	
42.5766	IE-C006	20	3_1080	9524800	18	0	
42.5786	ES-C002	20	3_1080	14567341	18	0	
42.5797	IE-C005	20	3_1080	12326212	18	0	
42.5836	IE-C002	20	3_1080	12315067	18	0	
44.5292	ES-C005	21	3_1080	17968950	16	0	
44.5422	IE-C003	21	3_1080	9511497	16	0	
44.5422	IE-C001	21	3_1080	12074879	16	0	
44.5526	IE-C004	21	3_1080	12021592	16	0	
44.5592	ES-C003	21	3_1080	19265154	16	0	
44.5596	ES-C004	21	3_1080	19374770	16	0	
44.5646	ES-C006	21	3_1080	19265154	16	0	
44.5726	ES-C001	21	3_1080	19319808	16	0	
44.5766	IE-C006	21	3_1080	9518144	16	0	
44.5786	ES-C002	21	3_1080	17968950	16	0	
44.5797	IE-C005	21	3_1080	12182884	16	0	
44.5836	IE-C002	21	3_1080	12171996	16	0	
46.5292	ES-C005	22	3_1080	13785895	14	0	
46.5422	IE-C003	22	3_1080	9618972	14	0	
46.5422	IE-C001	22	3_1080	12010991	14	0	
46.5526	IE-C004	22	3_1080	12021592	14	0	
46.5592	ES-C003	22	3_1080	19541556	14	0	
46.5596	ES-C004	22	3_1080	19022994	14	0	
46.5646	ES-C006	22	3_1080	19513558	14	0	
46.5726	ES-C001	22	3_1080	19237944	14	0	
46.5766	IE-C006	22	3_1080	9612183	14	0	
46.5786	ES-C002	22	3_1080	13785895	14	0	
46.5797	IE-C005	22	3_1080	12021592	14	0	
46.5836	IE-C002	22	3_1080	12021592	14	0	
48.5292	ES-C005	23	3_1080	17968950	12	0	
48.5422	IE-C003	23	3_1080	9659904	12	0	
48.5422	IE-C001	23	3_1080	12064184	12	0	
48.5526	IE-C004	23	3_1080	12064184	12	0	
48.5592	ES-C003	23	3_1080	19569632	12	0	
48.5596	ES-C004	23	3_1080	19682752	12	0	
48.5646	ES-C006	23	3_1080	19569632	12	0	
48.5726	ES-C001	23	3_1080	19682752	12	0	
48.5766	IE-C006	23	3_1080	9639394	12	0	
48.5786	ES-C002	23	3_1080	17945276	12	0	
48.5797	IE-C005	23	3_1080	12171996	12	0	
48.5836	IE-C002	23	3_1080	12171996	12	0	
50.5292	ES-C005	24	3_1080	18112320	10	0	
50.5422	IE-C003	24	3_1080	9653057	10	0	
50.5422	IE-C001	24	3_1080	12074879	10	0	
50.5526	IE-C004	24	3_1080	11979300	10	0	
50.5592	ES-C003	24	3_1080	19076280	10	0	
50.5596	ES-C004	24	3_1080	19156770	10	0	
50.5646	ES-C006	24	3_1080	19103036	10	0	
50.5726	ES-C001	24	3_1080	19265154	10	0	
50.5766	IE-C006	24	3_1080	9749795	10	0	
50.5786	ES-C002	24	3_1080	18088266	10	0	
50.5797	IE-C005	24	3_1080	11989845	10	0	
50.5836	IE-C002	24	3_1080	12000409	10	0	
52.5292	ES-C005	25	3_1080	14984009	8	0	
52.5422	IE-C003	25	3_1080	13498973	8	0	
52.5422	IE-C001	25	3_1080	12337377	8	0	
52.5526	IE-C004	25	3_1080	12348562	8	0	
52.5592	ES-C003	25	3_1080	19430048	8	0	
52.5596	ES-C004	25	3_1080	19210810	8	0	
52.5646	ES-C006	25	3_1080	19319808	8	0	
52.5726	ES-C001	25	3_1080	19210810	8	0	
52.5766	IE-C006	25	3_1080	14474457	8	0	
52.5786	ES-C002	25	3_1080	14967543	8	0	
52.5797	IE-C005	25	3_1080	12000409	8	0	
52.5836	IE-C002	25	3_1080	11979300	8	0	
54.5292	ES-C005	26	3_1080	17004324	6	0	
54.5422	IE-C003	26	3_1080	13771956	6	0	
54.5422	IE-C001	26	3_1080	12042851	6	0	
54.5526	IE-C004	26	3_1080	12042851	6	0	
54.5592	ES-C003	26	3_1080	19597790	6	0	
54.5596	ES-C004	26	3_1080	19654350	6	0	
54.5646	ES-C006	26	3_1080	19626028	6	0	
54.5726	ES-C001	26	3_1080	19739802	6	0	
54.5766	IE-C006	26	3_1080	13675165	6	0	
54.5786	ES-C002	26	3_1080	17004324	6	0	
54.5797	IE-C005	26	3_1080	12032212	6	0	
54.5836	IE-C002	26	3_1080	12042851	6	0	
56.5292	ES-C005	27	3_1080	14520751	4	0	
56.5422	IE-C003	27	3_1080	13301234	4	0	
56.5422	IE-C001	27	3_1080	12128641	4	0	
56.5526	IE-C004	27	3_1080	12139451	4	0	
56.5592	ES-C003	27	3_1080	20059594	4	0	
56.5596	ES-C004	27	3_1080	20089180	4	0	
56.5646	ES-C006	27	3_1080	20000682	4	0	
56.5726	ES-C001	27	3_1080	20059594	4	0	
56.5766	IE-C006	27	3_1080	13223751	4	0	
56.5786	ES-C002	27	3_1080	14520751	4	0	
56.5797	IE-C005	27	3_1080	12096327	4	0	
56.5836	IE-C002	27	3_1080	12096327	4	0	
58.5292	ES-C005	28	3_1080	20178466	2	0	
58.5422	IE-C003	28	3_1080	14869502	2	0	
58.5422	IE-C001	28	3_1080	12193791	2	0	
58.5526	IE-C004	28	3_1080	12193791	2	0	
58.5592	ES-C003	28	3_1080	21382204	2	0	
58.5596	ES-C004	28	3_1080	18658170	2	0	
58.5646	ES-C006	28	3_1080	21382204	2	0	
58.5726	ES-C001	28	3_1080	18480956	2	0	
58.5766	IE-C006	28	3_1080	15201411	2	0	
58.5786	ES-C002	28	3_1080	20208404	2	0	
58.5797	IE-C005	28	3_1080	12128641	2	0	
58.5836	IE-C002	28	3_1080	12107079	2	0	
60.5292	ES-C005	29	3_1080	19541556	0	0	
60.5422	IE-C003	29	3_1080	14173220	0	0	
60.5422	IE-C001	29	3_1080	12064184	0	0	
60.5526	IE-C004	29	3_1080	12053508	0	0	
60.5592	ES-C003	29	3_1080	19513558	0	0	
60.5596	ES-C004	29	3_1080	14740762	0	0	
60.5646	ES-C006	29	3_1080	19513558	0	0	
60.5726	ES-C001	29	3_1080	14820962	0	0	
60.5766	IE-C006	29	3_1080	14984009	0	0	
60.5786	ES-C002	29	3_1080	19739802	0	0	
60.5797	IE-C005	29	3_1080	13009039	0	0	
60.5836	IE-C002	29	3_1080	12922641	0	0	
