Time	Node	SegmentNumber	SegmentRepID	SegmentExperiencedBitrate(bit/s)	BufferLevel(s)	StallingTime(msec)	SegmentDepIds
2.53723	IE-C005	0	1_480	14346686	4	2009	
2.54323	IE-C006	0	1_480	14872205	4	2009	
2.55723	ES-C005	0	1_480	15437688	4	2009	
2.55967	ES-C004	0	1_480	15555985	4	2006	
2.57862	IE-C002	0	1_480	16639803	4	2004	
2.57862	IE-C004	0	1_480	16571886	4	2004	
2.58018	ES-C003	0	1_480	16917134	4	2007	
2.58062	ES-C002	0	1_480	16777322	4	2004	
2.58162	IE-C001	0	1_480	16777322	4	2004	
2.58362	IE-C003	0	1_480	16987916	4	2004	
2.58462	ES-C001	0	1_480	17059294	4	2004	
2.60062	ES-C006	0	1_480	18288792	4	2004	
4.53723	IE-C005	1	2_720	14469399	6	0	
4.54323	IE-C006	1	2_720	14469399	6	0	
4.55723	ES-C005	1	2_720	14499049	6	0	
4.55967	ES-C004	1	2_720	14499049	6	0	
4.57862	IE-C002	1	2_720	14469399	6	0	
4.57862	IE-C004	1	2_720	14469399	6	0	
4.58018	ES-C003	1	2_720	14499049	6	0	
4.58062	ES-C002	1	2_720	14499049	6	0	
4.58162	IE-C001	1	2_720	14469399	6	0	
4.58362	IE-C003	1	2_720	14469399	6	0	
4.58462	ES-C001	1	2_720	14499049	6	0	
4.60062	ES-C006	1	2_720	14499049	6	0	
6.53723	IE-C005	2	3_1080	14788777	8	0	
6.54323	IE-C006	2	3_1080	14788777	8	0	
6.55723	ES-C005	2	3_1080	14804852	8	0	
6.55967	ES-C004	2	3_1080	14788777	8	0	
6.57862	IE-C002	2	3_1080	14788777	8	0	
6.57862	IE-C004	2	3_1080	14788777	8	0	
6.58018	ES-C003	2	3_1080	14804852	8	0	
6.58062	ES-C002	2	3_1080	14804852	8	0	
6.58162	IE-C001	2	3_1080	14788777	8	0	
6.58362	IE-C003	2	3_1080	14788777	8	0	
6.58462	ES-C001	2	3_1080	14788777	8	0	
6.60062	ES-C006	2	3_1080	14804852	8	0	
8.53723	IE-C005	3	3_1080	14902039	10	0	
8.54323	IE-C006	3	3_1080	14902039	10	0	
8.55723	ES-C005	3	3_1080	14869502	10	0	
8.55967	ES-C004	3	3_1080	14885753	10	0	
8.57862	IE-C002	3	3_1080	14902039	10	0	
8.57862	IE-C004	3	3_1080	14902039	10	0	
8.58018	ES-C003	3	3_1080	14869502	10	0	
8.58062	ES-C002	3	3_1080	14869502	10	0	
8.58162	IE-C001	3	3_1080	14902039	10	0	
8.58362	IE-C003	3	3_1080	14902039	10	0	
8.58462	ES-C001	3	3_1080	14869502	10	0	
8.60062	ES-C006	3	3_1080	14869502	10	0	
10.5372	IE-C005	4	3_1080	14661425	12	0	
10.5432	IE-C006	4	3_1080	14661425	12	0	
10.5572	ES-C005	4	3_1080	14661425	12	0	
10.5597	ES-C004	4	3_1080	14677224	12	0	
10.5786	IE-C002	4	3_1080	14661425	12	0	
10.5786	IE-C004	4	3_1080	14661425	12	0	
10.5802	ES-C003	4	3_1080	14677224	12	0	
10.5806	ES-C002	4	3_1080	14661425	12	0	
10.5816	IE-C001	4	3_1080	14661425	12	0	
10.5836	IE-C003	4	3_1080	14661425	12	0	
10.5846	ES-C001	4	3_1080	14677224	12	0	
10.6006	ES-C006	4	3_1080	14677224	12	0	
12.5372	IE-C005	5	3_1080	14693057	16	0	
12.5432	IE-C006	5	3_1080	14693057	16	0	
12.5572	ES-C005	5	3_1080	14724826	16	0	
12.5597	ES-C004	5	3_1080	14708924	16	0	
12.5786	IE-C002	5	3_1080	14693057	16	0	
12.5786	IE-C004	5	3_1080	14693057	16	0	
12.5802	ES-C003	5	3_1080	14724826	16	0	
12.5806	ES-C002	5	3_1080	14724826	16	0	
12.5816	IE-C001	5	3_1080	14693057	16	0	
12.5836	IE-C003	5	3_1080	14693057	16	0	
12.5846	ES-C001	5	3_1080	14708924	16	0	
12.6006	ES-C006	5	3_1080	14724826	16	0	
14.5372	IE-C005	6	3_1080	14708924	18	0	
14.5432	IE-C006	6	3_1080	14708924	18	0	
14.5572	ES-C005	6	3_1080	14693057	18	0	
14.5597	ES-C004	6	3_1080	14693057	18	0	
14.5786	IE-C002	6	3_1080	14708924	18	0	
14.5786	IE-C004	6	3_1080	14708924	18	0	
14.5802	ES-C003	6	3_1080	14693057	18	0	
14.5806	ES-C002	6	3_1080	14693057	18	0	
14.5816	IE-C001	6	3_1080	14708924	18	0	
14.5836	IE-C003	6	3_1080	14708924	18	0	
14.5846	ES-C001	6	3_1080	14693057	18	0	
14.6006	ES-C006	6	3_1080	14693057	18	0	
16.5372	IE-C005	7	3_1080	14677224	20	0	
16.5432	IE-C006	7	3_1080	14677224	20	0	
16.5572	ES-C005	7	3_1080	14677224	20	0	
16.5597	ES-C004	7	3_1080	14677224	20	0	
16.5786	IE-C002	7	3_1080	14677224	20	0	
16.5786	IE-C004	7	3_1080	14677224	20	0	
16.5802	ES-C003	7	3_1080	14677224	20	0	
16.5806	ES-C002	7	3_1080	14677224	20	0	
16.5816	IE-C001	7	3_1080	14677224	20	0	
16.5836	IE-C003	7	3_1080	14677224	20	0	
16.5846	ES-C001	7	3_1080	14677224	20	0	
16.6006	ES-C006	7	3_1080	14677224	20	0	
18.5372	IE-C005	8	3_1080	14772738	22	0	
18.5432	IE-C006	8	3_1080	14772738	22	0	
18.5572	ES-C005	8	3_1080	14788777	22	0	
18.5597	ES-C004	8	3_1080	14788777	22	0	
18.5786	IE-C002	8	3_1080	14772738	22	0	
18.5786	IE-C004	8	3_1080	14772738	22	0	
18.5802	ES-C003	8	3_1080	14788777	22	0	
18.5806	ES-C002	8	3_1080	14788777	22	0	
18.5816	IE-C001	8	3_1080	14772738	22	0	
18.5836	IE-C003	8	3_1080	14772738	22	0	
18.5846	ES-C001	8	3_1080	14788777	22	0	
18.6006	ES-C006	8	3_1080	14788777	22	0	
20.5372	IE-C005	9	3_1080	14772738	24	0	
20.5432	IE-C006	9	3_1080	14772738	24	0	
20.5572	ES-C005	9	3_1080	14740762	24	0	
20.5597	ES-C004	9	3_1080	14756732	24	0	
20.5786	IE-C002	9	3_1080	14772738	24	0	
20.5786	IE-C004	9	3_1080	14772738	24	0	
20.5802	ES-C003	9	3_1080	14740762	24	0	
20.5806	ES-C002	9	3_1080	14740762	24	0	
20.5816	IE-C001	9	3_1080	14772738	24	0	
20.5836	IE-C003	9	3_1080	14772738	24	0	
20.5846	ES-C001	9	3_1080	14740762	24	0	
20.6006	ES-C006	9	3_1080	14740762	24	0	
22.5372	IE-C005	10	3_1080	14629929	26	0	
22.5432	IE-C006	10	3_1080	14629929	26	0	
22.5572	ES-C005	10	3_1080	14645660	26	0	
22.5597	ES-C004	10	3_1080	14645660	26	0	
22.5786	IE-C002	10	3_1080	14629929	26	0	
22.5786	IE-C004	10	3_1080	14629929	26	0	
22.5802	ES-C003	10	3_1080	14645660	26	0	
22.5806	ES-C002	10	3_1080	14645660	26	0	
22.5816	IE-C001	10	3_1080	14629929	26	0	
22.5836	IE-C003	10	3_1080	14629929	26	0	
22.5846	ES-C001	10	3_1080	14645660	26	0	
22.6006	ES-C006	10	3_1080	14645660	26	0	
24.5372	IE-C005	11	3_1080	14740762	28	0	
24.5432	IE-C006	11	3_1080	14740762	28	0	
24.5572	ES-C005	11	3_1080	14740762	28	0	
24.5597	ES-C004	11	3_1080	14740762	28	0	
24.5786	IE-C002	11	3_1080	14740762	28	0	
24.5786	IE-C004	11	3_1080	14740762	28	0	
24.5802	ES-C003	11	3_1080	14740762	28	0	
24.5806	ES-C002	11	3_1080	14740762	28	0	
24.5816	IE-C001	11	3_1080	14740762	28	0	
24.5836	IE-C003	11	3_1080	14740762	28	0	
24.5846	ES-C001	11	3_1080	14740762	28	0	
24.6006	ES-C006	11	3_1080	14740762	28	0	
26.5372	IE-C005	12	3_1080	14598568	28	0	
26.5432	IE-C006	12	3_1080	14598568	28	0	
26.5572	ES-C005	12	3_1080	14614232	28	0	
26.5597	ES-C004	12	3_1080	14614232	28	0	
26.5786	IE-C002	12	3_1080	14598568	28	0	
26.5786	IE-C004	12	3_1080	14598568	28	0	
26.5802	ES-C003	12	3_1080	14614232	28	0	
26.5806	ES-C002	12	3_1080	14614232	28	0	
26.5816	IE-C001	12	3_1080	14598568	28	0	
26.5836	IE-C003	12	3_1080	14598568	28	0	
26.5846	ES-C001	12	3_1080	14614232	28	0	
26.6006	ES-C006	12	3_1080	14614232	28	0	
28.5372	IE-C005	13	3_1080	14837107	28	0	
28.5432	IE-C006	13	3_1080	14837107	28	0	
28.5572	ES-C005	13	3_1080	14837107	28	0	
28.5597	ES-C004	13	3_1080	14837107	28	0	
28.5786	IE-C002	13	3_1080	14837107	28	0	
28.5786	IE-C004	13	3_1080	14837107	28	0	
28.5802	ES-C003	13	3_1080	14837107	28	0	
28.5806	ES-C002	13	3_1080	14837107	28	0	
28.5816	IE-C001	13	3_1080	14837107	28	0	
28.5836	IE-C003	13	3_1080	14837107	28	0	
28.5846	ES-C001	13	3_1080	14837107	28	0	
28.6006	ES-C006	13	3_1080	14837107	28	0	
30.5372	IE-C005	14	3_1080	14677224	28	0	
30.5432	IE-C006	14	3_1080	14677224	28	0	
30.5572	ES-C005	14	3_1080	14629929	28	0	
30.5597	ES-C004	14	3_1080	14629929	28	0	
30.5786	IE-C002	14	3_1080	14677224	28	0	
30.5786	IE-C004	14	3_1080	14677224	28	0	
30.5802	ES-C003	14	3_1080	14629929	28	0	
30.5806	ES-C002	14	3_1080	14629929	28	0	
30.5816	IE-C001	14	3_1080	14677224	28	0	
30.5836	IE-C003	14	3_1080	14677224	28	0	
30.5846	ES-C001	14	3_1080	14629929	28	0	
30.6006	ES-C006	14	3_1080	14629929	28	0	
32.5372	IE-C005	15	3_1080	14708924	28	0	
32.5432	IE-C006	15	3_1080	14708924	28	0	
32.5572	ES-C005	15	3_1080	14708924	28	0	
32.5597	ES-C004	15	3_1080	14708924	28	0	
32.5786	IE-C002	15	3_1080	14708924	28	0	
32.5786	IE-C004	15	3_1080	14708924	28	0	
32.5802	ES-C003	15	3_1080	14708924	28	0	
32.5806	ES-C002	15	3_1080	14708924	28	0	
32.5816	IE-C001	15	3_1080	14708924	28	0	
32.5836	IE-C003	15	3_1080	14708924	28	0	
32.5846	ES-C001	15	3_1080	14708924	28	0	
32.6006	ES-C006	15	3_1080	14708924	28	0	
34.5372	IE-C005	16	3_1080	14614232	26	0	
34.5432	IE-C006	16	3_1080	14614232	26	0	
34.5572	ES-C005	16	3_1080	14629929	26	0	
34.5597	ES-C004	16	3_1080	14629929	26	0	
34.5786	IE-C002	16	3_1080	14614232	26	0	
34.5786	IE-C004	16	3_1080	14614232	26	0	
34.5802	ES-C003	16	3_1080	14629929	26	0	
34.5806	ES-C002	16	3_1080	14629929	26	0	
34.5816	IE-C001	16	3_1080	14614232	26	0	
34.5836	IE-C003	16	3_1080	14614232	26	0	
34.5846	ES-C001	16	3_1080	14629929	26	0	
34.6006	ES-C006	16	3_1080	14629929	26	0	
36.5372	IE-C005	17	3_1080	14693057	24	0	
36.5432	IE-C006	17	3_1080	14693057	24	0	
36.5572	ES-C005	17	3_1080	14677224	24	0	
36.5597	ES-C004	17	3_1080	14677224	24	0	
36.5786	IE-C002	17	3_1080	14693057	24	0	
36.5786	IE-C004	17	3_1080	14693057	24	0	
36.5802	ES-C003	17	3_1080	14677224	24	0	
36.5806	ES-C002	17	3_1080	14677224	24	0	
36.5816	IE-C001	17	3_1080	14693057	24	0	
36.5836	IE-C003	17	3_1080	14693057	24	0	
36.5846	ES-C001	17	3_1080	14677224	24	0	
36.6006	ES-C006	17	3_1080	14677224	24	0	
38.5372	IE-C005	18	3_1080	14853287	22	0	
38.5432	IE-C006	18	3_1080	14853287	22	0	
38.5572	ES-C005	18	3_1080	14869502	22	0	
38.5597	ES-C004	18	3_1080	14885753	22	0	
38.5786	IE-C002	18	3_1080	14853287	22	0	
38.5786	IE-C004	18	3_1080	14853287	22	0	
38.5802	ES-C003	18	3_1080	14885753	22	0	
38.5806	ES-C002	18	3_1080	14869502	22	0	
38.5816	IE-C001	18	3_1080	14853287	22	0	
38.5836	IE-C003	18	3_1080	14853287	22	0	
38.5846	ES-C001	18	3_1080	14885753	22	0	
38.6006	ES-C006	18	3_1080	14885753	22	0	
40.5372	IE-C005	19	3_1080	14724826	20	0	
40.5432	IE-C006	19	3_1080	14724826	20	0	
40.5572	ES-C005	19	3_1080	14724826	20	0	
40.5597	ES-C004	19	3_1080	14724826	20	0	
40.5786	IE-C002	19	3_1080	14724826	20	0	
40.5786	IE-C004	19	3_1080	14724826	20	0	
40.5802	ES-C003	19	3_1080	14724826	20	0	
40.5806	ES-C002	19	3_1080	14724826	20	0	
40.5816	IE-C001	19	3_1080	14724826	20	0	
40.5836	IE-C003	19	3_1080	14724826	20	0	
40.5846	ES-C001	19	3_1080	14724826	20	0	
40.6006	ES-C006	19	3_1080	14724826	20	0	
42.5372	IE-C005	20	3_1080	14677224	18	0	
42.5432	IE-C006	20	3_1080	14677224	18	0	
42.5572	ES-C005	20	3_1080	14661425	18	0	
42.5597	ES-C004	20	3_1080	14661425	18	0	
42.5786	IE-C002	20	3_1080	14677224	18	0	
42.5786	IE-C004	20	3_1080	14677224	18	0	
42.5802	ES-C003	20	3_1080	14661425	18	0	
42.5806	ES-C002	20	3_1080	14661425	18	0	
42.5816	IE-C001	20	3_1080	14677224	18	0	
42.5836	IE-C003	20	3_1080	14677224	18	0	
42.5846	ES-C001	20	3_1080	14661425	18	0	
42.6006	ES-C006	20	3_1080	14661425	18	0	
44.5372	IE-C005	21	3_1080	14582938	16	0	
44.5432	IE-C006	21	3_1080	14582938	16	0	
44.5572	ES-C005	21	3_1080	14582938	16	0	
44.5597	ES-C004	21	3_1080	14582938	16	0	
44.5786	IE-C002	21	3_1080	14582938	16	0	
44.5786	IE-C004	21	3_1080	14582938	16	0	
44.5802	ES-C003	21	3_1080	14582938	16	0	
44.5806	ES-C002	21	3_1080	14582938	16	0	
44.5816	IE-C001	21	3_1080	14582938	16	0	
44.5836	IE-C003	21	3_1080	14582938	16	0	
44.5846	ES-C001	21	3_1080	14582938	16	0	
44.6006	ES-C006	21	3_1080	14582938	16	0	
46.5372	IE-C005	22	3_1080	14693057	14	0	
46.5432	IE-C006	22	3_1080	14693057	14	0	
46.5572	ES-C005	22	3_1080	14708924	14	0	
46.5597	ES-C004	22	3_1080	14708924	14	0	
46.5786	IE-C002	22	3_1080	14693057	14	0	
46.5786	IE-C004	22	3_1080	14693057	14	0	
46.5802	ES-C003	22	3_1080	14708924	14	0	
46.5806	ES-C002	22	3_1080	14708924	14	0	
46.5816	IE-C001	22	3_1080	14693057	14	0	
46.5836	IE-C003	22	3_1080	14693057	14	0	
46.5846	ES-C001	22	3_1080	14708924	14	0	
46.6006	ES-C006	22	3_1080	14708924	14	0	
48.5372	IE-C005	23	3_1080	14645660	12	0	
48.5432	IE-C006	23	3_1080	14645660	12	0	
48.5572	ES-C005	23	3_1080	14645660	12	0	
48.5597	ES-C004	23	3_1080	14645660	12	0	
48.5786	IE-C002	23	3_1080	14645660	12	0	
48.5786	IE-C004	23	3_1080	14645660	12	0	
48.5802	ES-C003	23	3_1080	14645660	12	0	
48.5806	ES-C002	23	3_1080	14645660	12	0	
48.5816	IE-C001	23	3_1080	14645660	12	0	
48.5836	IE-C003	23	3_1080	14645660	12	0	
48.5846	ES-C001	23	3_1080	14645660	12	0	
48.6006	ES-C006	23	3_1080	14645660	12	0	
50.5372	IE-C005	24	3_1080	14756732	10	0	
50.5432	IE-C006	24	3_1080	14756732	10	0	
50.5572	ES-C005	24	3_1080	14740762	10	0	
50.5597	ES-C004	24	3_1080	14740762	10	0	
50.5786	IE-C002	24	3_1080	14756732	10	0	
50.5786	IE-C004	24	3_1080	14756732	10	0	
50.5802	ES-C003	24	3_1080	14740762	10	0	
50.5806	ES-C002	24	3_1080	14740762	10	0	
50.5816	IE-C001	24	3_1080	14756732	10	0	
50.5836	IE-C003	24	3_1080	14756732	10	0	
50.5846	ES-C001	24	3_1080	14740762	10	0	
50.6006	ES-C006	24	3_1080	14740762	10	0	
52.5372	IE-C005	25	3_1080	14740762	8	0	
52.5432	IE-C006	25	3_1080	14740762	8	0	
52.5572	ES-C005	25	3_1080	14740762	8	0	
52.5597	ES-C004	25	3_1080	14740762	8	0	
52.5786	IE-C002	25	3_1080	14740762	8	0	
52.5786	IE-C004	25	3_1080	14740762	8	0	
52.5802	ES-C003	25	3_1080	14740762	8	0	
52.5806	ES-C002	25	3_1080	14740762	8	0	
52.5816	IE-C001	25	3_1080	14740762	8	0	
52.5836	IE-C003	25	3_1080	14740762	8	0	
52.5846	ES-C001	25	3_1080	14740762	8	0	
52.6006	ES-C006	25	3_1080	14740762	8	0	
54.5372	IE-C005	26	3_1080	14629929	6	0	
54.5432	IE-C006	26	3_1080	14629929	6	0	
54.5572	ES-C005	26	3_1080	14645660	6	0	
54.5597	ES-C004	26	3_1080	14645660	6	0	
54.5786	IE-C002	26	3_1080	14629929	6	0	
54.5786	IE-C004	26	3_1080	14629929	6	0	
54.5802	ES-C003	26	3_1080	14645660	6	0	
54.5806	ES-C002	26	3_1080	14645660	6	0	
54.5816	IE-C001	26	3_1080	14629929	6	0	
54.5836	IE-C003	26	3_1080	14629929	6	0	
54.5846	ES-C001	26	3_1080	14645660	6	0	
54.6006	ES-C006	26	3_1080	14645660	6	0	
56.5372	IE-C005	27	3_1080	14693057	4	0	
56.5432	IE-C006	27	3_1080	14693057	4	0	
56.5572	ES-C005	27	3_1080	14677224	4	0	
56.5597	ES-C004	27	3_1080	14677224	4	0	
56.5786	IE-C002	27	3_1080	14693057	4	0	
56.5786	IE-C004	27	3_1080	14693057	4	0	
56.5802	ES-C003	27	3_1080	14661425	4	0	
56.5806	ES-C002	27	3_1080	14677224	4	0	
56.5816	IE-C001	27	3_1080	14693057	4	0	
56.5836	IE-C003	27	3_1080	14693057	4	0	
56.5846	ES-C001	27	3_1080	14677224	4	0	
56.6006	ES-C006	27	3_1080	14661425	4	0	
58.5372	IE-C005	28	3_1080	13870126	2	0	
58.5432	IE-C006	28	3_1080	13870126	2	0	
58.5572	ES-C005	28	3_1080	27405360	2	0	
58.5597	ES-C004	28	3_1080	27350330	2	0	
58.5786	IE-C002	28	3_1080	35377828	2	0	
58.5786	IE-C004	28	3_1080	35377828	2	0	
58.5802	ES-C003	28	3_1080	27350330	2	0	
58.5806	ES-C002	28	3_1080	27405360	2	0	
58.5816	IE-C001	28	3_1080	35377828	2	0	
58.5836	IE-C003	28	3_1080	35377828	2	0	
58.5846	ES-C001	28	3_1080	27405360	2	0	
58.6006	ES-C006	28	3_1080	27405360	2	0	
60.5372	IE-C005	29	3_1080	13969707	0	0	
60.5432	IE-C006	29	3_1080	35104288	0	0	
60.5572	ES-C005	29	3_1080	27740252	0	0	
60.5597	ES-C004	29	3_1080	27683870	0	0	
60.5786	IE-C002	29	3_1080	23646638	0	0	
60.5786	IE-C004	29	3_1080	23853702	0	0	
60.5802	ES-C003	29	3_1080	27627716	0	0	
60.5806	ES-C002	29	3_1080	27740252	0	0	
60.5816	IE-C001	29	3_1080	23812000	0	0	
60.5836	IE-C003	29	3_1080	23687764	0	0	
60.5846	ES-C001	29	3_1080	27683870	0	0	
60.6006	ES-C006	29	3_1080	27683870	0	0	
